InstanceIndex,Output,Classification
0,26.0,0
1,18.8,0
2,20.2,0
3,28.0,0
4,28.0,0
5,27.4,0
6,27.6,0
7,26.0,0
8,18.899999618530273,1
9,26.0,0
10,28.0,0
11,20.100000381469727,1
12,30.350000381469727,1
13,27.399999618530273,1
14,27.8,0
15,26.0,1
16,28.299999237060547,1
17,26.0,0
18,28.0,0
19,20.8,0
20,27.8,0
21,26.0,0
22,27.8,0
23,27.8,0
24,27.6,0
25,19.100000381469727,1
26,29.899999618530273,1
27,28.450000762939453,1
28,28.0,0
29,27.0,1
30,27.5,1
31,19.100000381469727,1
32,22.75,1
33,26.0,0
34,26.0,1
35,27.4,0
36,18.799999237060547,1
37,23.5,1
38,27.6,0
39,28.2,0
40,27.8,0
41,26.0,0
42,29.899999618530273,1
43,25.2,0
44,26.0,0
45,28.0,0
46,17.6,0
47,26.0,0
48,26.2,0
49,36.599998474121094,1
50,23.5,1
51,26.0,0
52,22.0,1
53,36.599998474121094,1
54,23.5,1
55,28.2,0
56,26.0,0
57,28.2,0
58,26.0,0
59,34.150001525878906,1
60,25.2,1
61,31.399999618530273,1
62,27.6,0
63,27.6,0
64,24.100000381469727,1
65,23.75,1
66,27.8,0
67,26.600000381469727,1
68,28.0,0
69,32.70000076293945,1
70,23.799999237060547,1
71,33.400001525878906,1
72,28.299999237060547,1
73,26.0,0
74,28.299999237060547,1
75,27.8,0
76,28.299999237060547,1
77,27.6,0
78,20.8,0
79,26.0,0
80,28.0,0
81,32.650001525878906,1
82,28.0,0
83,21.5,1
84,34.150001525878906,1
85,20.100000381469727,1
86,26.2,0
87,27.0,1
88,32.650001525878906,1
89,23.75,1
90,28.0,0
91,31.649999618530273,1
92,28.0,0
93,27.8,0
94,21.6,0
95,20.100000381469727,1
96,26.649999618530273,1
97,26.649999618530273,1
98,26.0,0
99,27.8,0
100,28.0,0
101,21.6,0
102,34.79999923706055,1
103,20.2,0
104,28.0,0
105,26.0,0
106,27.8,0
107,29.500099182128906,1
108,26.0,0
109,19.100000381469727,1
110,25.200000762939453,1
111,27.8,0
112,23.500099182128906,1
113,23.5,1
114,28.0,0
115,26.2,0
116,28.0,0
117,28.2,0
118,26.2,0
119,34.150001525878906,1
120,19.100000381469727,1
121,34.79999923706055,1
122,27.8,0
123,26.0,0
124,28.0,0
125,26.0,0
126,34.599998474121094,1
127,26.2,0
128,21.6,0
129,26.0,0
130,26.0,0
131,26.2,0
132,28.0,0
133,28.0,0
134,27.6,0
135,21.6,0
136,34.20000076293945,1
137,23.5,1
138,18.799999237060547,1
139,26.0,0
140,25.209999084472656,1
141,26.600000381469727,1
142,33.400001525878906,1
143,26.600000381469727,1
144,28.0,0
145,28.0,0
146,26.0,0
147,27.8,0
148,27.5,1
149,30.350000381469727,1
150,21.6,0
151,23.5,1
152,34.599998474121094,1
153,28.0,0
154,28.0,0
155,21.6,1
156,32.70000076293945,1
157,28.450000762939453,1
158,26.0,0
159,28.0,0
160,18.100000381469727,1
161,26.0,0
162,16.8,1
163,26.0,0
164,23.5,1
165,20.75,0
166,25.8,0
167,28.0,0
168,28.450000762939453,1
169,17.6,1
170,26.0,0
171,32.70000076293945,1
172,19.850000381469727,1
173,26.0,0
174,26.0,0
175,26.600000381469727,1
176,27.8,0
177,36.599998474121094,1
178,27.8,0
179,27.8,0
180,30.350000381469727,1
181,26.2,0
182,28.0,0
183,26.2,0
184,26.2,0
185,27.399999618530273,1
186,28.0,0
187,27.8,0
188,27.0,1
189,25.2,0
190,32.650001525878906,1
191,22.000999450683594,1
192,18.899999618530273,1
193,19.100000381469727,1
194,28.0,0
195,21.5,1
196,31.399999618530273,1
197,26.600000381469727,1
198,20.2,1
199,26.0,0
200,23.500099182128906,1
201,26.0,0
202,26.0,0
203,27.6,0
204,28.0,0
205,32.54999923706055,1
206,26.600000381469727,1
207,32.650001525878906,1
208,27.6,0
209,27.8,0
210,26.2,0
211,27.8,0
212,25.2,0
213,25.2,1
214,28.0,0
215,18.799999237060547,1
216,19.850000381469727,1
217,32.54999923706055,1
218,34.79999923706055,0
219,27.8,0
220,34.5,1
221,27.8,0
222,20.100000381469727,1
223,27.8,0
224,32.900001525878906,1
225,20.8,0
226,28.0,0
227,28.0,0
228,36.599998474121094,1
229,28.0,0
230,25.209999084472656,1
231,26.0,0
232,27.8,0
233,28.0,0
234,23.500099182128906,1
235,29.899999618530273,1
236,26.0,0
237,23.75,1
238,32.54999923706055,1
239,22.000999450683594,1
240,29.899999618530273,1
241,34.20000076293945,1
242,28.0,0
243,28.450000762939453,1
244,26.2,0
245,27.8,0
246,27.6,0
247,22.75,1
248,28.0,0
249,34.20000076293945,1
250,18.8,0
251,26.0,0
252,26.2,0
253,27.5,1
254,27.8,0
255,27.8,0
256,28.0,0
257,24.700000762939453,1
258,23.8,1
259,26.2,0
260,25.200000762939453,1
261,25.2,1
262,28.0,0
263,22.000999450683594,1
264,26.0,0
265,26.0,0
266,28.0,0
267,28.0,0
268,27.8,0
269,28.450000762939453,1
270,28.450000762939453,1
271,27.8,0
272,28.0,0
273,32.70000076293945,1
274,25.200000762939453,1
275,19.100000381469727,1
276,27.8,0
277,28.0,0
278,31.399999618530273,1
279,27.8,0
280,27.8,0
281,27.6,0
282,25.8,0
283,27.6,0
284,28.299999237060547,1
285,19.100000381469727,1
286,29.899999618530273,1
287,21.5,1
288,27.8,0
289,33.5,1
290,28.0,0
291,18.799999237060547,1
292,24.100000381469727,1
293,27.6,0
294,20.100000381469727,1
295,26.2,0
296,32.70000076293945,1
297,28.0,0
298,23.8,1
299,27.8,0
300,28.0,0
301,23.500099182128906,1
302,26.0,0
303,27.399999618530273,1
304,34.599998474121094,1
305,28.450000762939453,1
306,27.6,0
307,26.2,0
308,27.8,0
309,28.0,0
310,16.8,1
311,28.0,0
312,26.2,0
313,32.900001525878906,1
314,27.8,0
315,30.350000381469727,1
316,32.70000076293945,1
317,31.649999618530273,1
318,27.8,0
319,16.8,1
320,27.8,0
321,24.700000762939453,1
322,34.5,1
323,25.8,0
324,27.8,0
325,28.450000762939453,1
326,19.200000762939453,1
327,20.75,0
328,18.899999618530273,1
329,27.5,1
330,27.8,0
331,27.8,0
332,28.0,0
333,26.0,0
334,32.900001525878906,1
335,29.899999618530273,1
336,27.8,0
337,18.899999618530273,1
338,32.650001525878906,1
339,16.8,1
340,27.8,0
341,34.5,1
342,22.75,1
343,28.0,0
344,28.0,0
345,27.6,0
346,28.0,0
347,20.2,0
348,25.2,0
349,30.350000381469727,1
350,27.8,0
351,26.0,0
352,31.399999618530273,1
353,28.2,0
354,26.0,0
355,27.6,0
356,29.899999618530273,1
357,21.5,1
358,28.0,0
359,19.5,1
360,26.2,0
361,24.700000762939453,1
362,27.8,0
363,27.8,0
364,28.0,0
365,27.5,1
366,28.0,0
367,27.8,0
368,18.100000381469727,1
369,30.350000381469727,1
370,19.6,0
371,27.8,0
372,28.2,0
373,27.8,0
374,27.8,0
375,26.0,0
376,22.75,1
377,30.350000381469727,1
378,26.0,0
379,26.0,0
380,26.0,0
381,27.6,0
382,32.54999923706055,1
383,26.0,0
384,27.399999618530273,1
385,34.20000076293945,1
386,27.8,0
387,28.0,0
388,28.0,0
389,34.150001525878906,1
390,28.0,0
391,21.6,0
392,27.8,0
393,27.8,0
394,28.0,0
395,26.2,0
396,28.0,0
397,27.0,1
398,27.8,0
399,28.450000762939453,1
400,22.0,1
401,20.2,1
402,26.0,0
403,29.5,1
404,26.0,0
405,27.6,0
406,30.350000381469727,1
407,28.0,0
408,25.209999084472656,1
409,26.600000381469727,1
410,26.0,0
411,33.400001525878906,1
412,26.0,0
413,28.0,0
414,18.8,0
415,26.649999618530273,1
416,29.899999618530273,1
417,27.6,0
418,28.0,0
419,31.649999618530273,1
420,27.8,0
421,28.0,0
422,27.6,0
423,28.0,0
424,27.8,0
425,32.900001525878906,1
426,20.100000381469727,1
427,18.8,1
428,26.0,0
429,27.6,0
430,28.2,0
431,34.20000076293945,1
432,27.8,0
433,34.20000076293945,1
434,27.8,0
435,28.0,0
436,28.299999237060547,1
437,34.150001525878906,1
438,27.8,1
439,27.6,0
440,31.399999618530273,1
441,25.2,0
442,30.350000381469727,1
443,27.8,0
444,26.2,0
445,32.54999923706055,1
446,26.0,0
447,27.8,0
448,32.900001525878906,1
449,28.0,0
450,32.900001525878906,1
451,28.0,0
452,28.0,0
453,23.8,0
454,23.75,1
455,28.299999237060547,1
456,19.5,1
457,18.100000381469727,1
458,26.0,0
459,26.0,0
460,34.5,1
461,27.8,0
462,27.8,0
463,23.799999237060547,1
464,30.350000381469727,1
465,26.0,0
466,27.8,1
467,26.0,0
468,18.899999618530273,1
469,27.6,0
470,28.0,0
471,26.2,0
472,16.8,1
473,26.2,0
474,27.6,0
475,22.75,1
476,26.0,0
477,19.6,0
478,27.8,0
479,28.0,0
480,25.8,0
481,33.5,1
482,21.5,1
483,25.8,0
484,28.2,0
485,26.0,0
486,27.6,0
487,22.000999450683594,1
488,19.100000381469727,1
489,29.5,1
490,26.2,0
491,26.2,0
492,31.649999618530273,1
493,27.399999618530273,1
494,21.5,1
495,27.8,0
496,28.0,0
497,26.0,0
498,24.100000381469727,1
499,29.5,1
500,28.0,0
501,28.450000762939453,1
502,20.2,0
503,26.0,0
504,34.5,1
505,29.899999618530273,1
506,27.8,0
507,32.54999923706055,1
508,25.2,0
509,29.899999618530273,1
510,26.0,0
511,26.0,1
512,16.8,1
513,27.8,0
514,25.209999084472656,1
515,27.6,0
516,27.6,0
517,18.899999618530273,1
518,18.899999618530273,1
519,26.0,0
520,29.899999618530273,1
521,32.650001525878906,1
522,30.350000381469727,1
523,19.5,1
524,28.0,0
525,33.5,1
526,24.399999618530273,1
527,27.8,0
528,24.399999618530273,1
529,26.0,0
530,28.0,0
531,26.0,0
532,27.8,0
533,28.0,0
534,26.0,0
535,18.799999237060547,1
536,26.649999618530273,1
537,30.350000381469727,1
538,25.2,0
539,27.8,0
540,33.400001525878906,1
541,30.350000381469727,1
542,25.8,1
543,31.399999618530273,1
544,25.200000762939453,1
545,26.2,0
546,19.200000762939453,1
547,34.599998474121094,1
548,25.2,0
549,26.0,0
550,26.0,0
551,23.5,1
552,26.0,0
553,27.8,0
554,20.75,1
555,28.2,0
556,27.5,1
557,28.0,0
558,28.0,0
559,28.0,0
560,20.75,0
561,27.6,0
562,20.100000381469727,1
563,25.2,1
564,28.0,0
565,27.6,0
566,28.0,0
567,32.70000076293945,1
568,26.0,0
569,28.0,0
570,26.0,0
571,20.2,0
572,26.0,0
573,16.8,1
574,25.2,0
575,26.2,0
576,34.5,1
577,26.0,0
578,20.75,1
579,34.599998474121094,1
580,28.0,0
581,26.2,0
582,29.500099182128906,1
583,26.0,1
584,34.79999923706055,1
585,36.599998474121094,1
586,26.600000381469727,1
587,20.2,0
588,24.399999618530273,1
589,28.0,0
590,32.900001525878906,1
591,27.8,0
592,24.700000762939453,1
593,27.6,0
594,26.2,0
595,31.649999618530273,1
596,20.75,0
597,30.350000381469727,1
598,18.100000381469727,1
599,26.649999618530273,1
600,24.100000381469727,1
601,28.0,0
602,33.400001525878906,1
603,31.649999618530273,1
604,24.399999618530273,1
605,26.0,0
606,29.500099182128906,1
607,27.6,0
608,29.899999618530273,1
609,21.5,1
610,28.0,0
611,26.0,0
612,26.2,0
613,27.8,0
614,25.2,0
615,29.500099182128906,1
616,34.599998474121094,1
617,26.0,0
618,27.6,0
619,28.0,0
620,22.000999450683594,1
621,27.8,0
622,18.799999237060547,1
623,27.8,0
624,24.100000381469727,1
625,33.5,1
626,27.8,0
627,29.500099182128906,1
628,19.6,1
629,27.8,0
630,26.0,0
631,26.600000381469727,1
632,22.000999450683594,1
633,26.0,0
634,34.150001525878906,1
635,22.000999450683594,1
636,27.0,1
637,24.399999618530273,1
638,28.450000762939453,1
639,26.0,0
640,34.20000076293945,1
641,29.899999618530273,1
642,27.6,0
643,22.75,1
644,26.0,0
645,26.2,0
646,19.5,1
647,20.8,0
648,24.700000762939453,1
649,26.2,0
650,18.899999618530273,1
651,27.8,0
652,28.0,0
653,20.8,1
654,28.299999237060547,1
655,26.2,0
656,31.399999618530273,1
657,28.0,0
658,27.0,1
659,16.8,1
660,32.70000076293945,1
661,16.8,1
662,26.0,0
663,24.700000762939453,1
664,27.8,0
665,19.200000762939453,1
666,26.2,0
667,36.599998474121094,1
668,28.0,0
669,32.650001525878906,1
670,25.8,0
671,33.5,1
672,27.5,1
673,26.0,0
674,23.75,1
675,19.5,1
676,27.6,0
677,29.5,1
678,32.900001525878906,1
679,18.8,0
680,24.399999618530273,1
681,29.5,1
682,27.4,0
683,28.0,0
684,27.8,0
685,19.850000381469727,1
686,18.100000381469727,1
687,19.5,1
688,26.0,0
689,27.6,0
690,26.0,0
691,27.8,0
692,33.400001525878906,1
693,28.0,0
694,25.8,0
695,34.20000076293945,1
696,25.8,1
697,26.0,0
698,26.0,0
699,23.799999237060547,1
700,19.200000762939453,1
701,23.75,1
702,16.8,1
703,28.0,0
704,25.2,0
705,22.75,1
706,36.599998474121094,1
707,30.350000381469727,1
708,18.899999618530273,1
709,19.6,0
710,27.5,1
711,29.899999618530273,1
712,28.0,0
713,30.350000381469727,1
714,26.0,0
715,33.400001525878906,1
716,20.8,0
717,27.5,1
718,19.100000381469727,1
719,27.6,0
720,21.6,0
721,21.6,0
722,27.399999618530273,1
723,23.75,1
724,25.8,1
725,31.399999618530273,1
726,19.6,0
727,27.8,0
728,23.500099182128906,1
729,19.850000381469727,1
730,28.0,0
731,26.2,0
732,19.100000381469727,1
733,34.150001525878906,1
734,25.200000762939453,1
735,34.5,1
736,26.0,0
737,19.850000381469727,1
738,18.100000381469727,1
739,17.6,1
740,27.6,0
741,27.8,0
742,25.2,0
743,19.850000381469727,1
744,28.0,0
745,34.599998474121094,1
746,28.0,0
747,34.79999923706055,1
748,24.399999618530273,1
749,33.5,1
750,32.54999923706055,1
751,34.20000076293945,1
752,25.209999084472656,1
753,26.2,0
754,27.8,0
755,25.209999084472656,1
756,34.79999923706055,1
757,34.599998474121094,1
758,26.0,0
759,27.0,1
760,24.399999618530273,1
761,33.400001525878906,1
762,29.500099182128906,1
763,18.799999237060547,1
764,27.6,0
765,22.75,1
766,26.0,0
767,26.0,0
768,28.0,0
769,18.799999237060547,1
770,24.700000762939453,1
771,25.2,1
772,27.8,0
773,34.79999923706055,1
774,34.599998474121094,1
775,26.2,0
776,26.0,0
777,26.0,0
778,32.70000076293945,1
779,32.54999923706055,1
780,28.2,0
781,20.8,0
782,27.8,0
783,28.0,0
784,32.54999923706055,1
785,22.000999450683594,1
786,20.8,0
787,30.350000381469727,1
788,26.0,0
789,29.5,1
790,28.0,0
791,18.100000381469727,1
792,26.2,0
793,18.799999237060547,1
794,26.2,0
795,26.2,0
796,28.0,0
797,19.200000762939453,1
798,26.2,0
799,28.0,0
800,27.8,0
801,28.0,0
802,20.8,0
803,28.0,0
804,28.0,0
805,19.200000762939453,1
806,27.4,0
807,27.8,0
808,16.8,1
809,26.0,0
810,23.6,1
811,27.8,0
812,28.0,0
813,27.8,0
814,20.75,1
815,26.0,0
816,28.2,0
817,26.2,0
818,26.0,0
819,28.0,0
820,31.399999618530273,1
821,26.2,0
822,28.450000762939453,1
823,27.6,0
824,27.8,0
825,28.0,0
826,26.0,0
827,17.6,1
828,23.5,1
829,32.650001525878906,1
830,28.0,0
831,19.100000381469727,1
832,26.0,0
833,27.6,0
834,32.70000076293945,1
835,24.100000381469727,1
836,28.0,0
837,28.299999237060547,1
838,20.100000381469727,1
839,25.200000762939453,1
840,26.2,0
841,22.000999450683594,1
842,30.350000381469727,1
843,25.2,0
844,26.0,0
845,23.5,1
846,27.8,0
847,27.8,0
848,26.2,0
849,28.0,0
850,29.899999618530273,1
851,16.8,1
852,26.0,0
853,19.200000762939453,1
854,26.600000381469727,1
855,25.200000762939453,1
856,19.5,1
857,31.649999618530273,1
858,25.200000762939453,1
859,29.899999618530273,1
860,31.399999618530273,1
861,28.0,0
862,27.8,0
863,31.399999618530273,1
864,23.75,1
865,25.209999084472656,1
866,26.0,0
867,28.450000762939453,1
868,26.0,0
869,34.79999923706055,1
870,26.0,0
871,28.0,0
872,24.100000381469727,1
873,34.150001525878906,1
874,26.2,0
875,26.2,0
876,28.299999237060547,1
877,33.5,1
878,29.899999618530273,1
879,27.6,0
880,28.0,0
881,28.299999237060547,1
882,20.2,1
883,26.2,0
884,28.0,0
885,26.2,0
886,27.6,0
887,27.8,0
888,34.20000076293945,1
889,22.000999450683594,1
890,17.6,0
891,26.0,0
892,28.0,0
893,27.5,1
894,20.8,1
895,26.0,0
896,26.0,0
897,27.6,0
898,34.79999923706055,1
899,26.0,0
900,34.599998474121094,1
901,17.6,1
902,26.2,0
903,34.5,1
904,33.5,1
905,32.900001525878906,1
906,19.200000762939453,1
907,25.200000762939453,1
908,26.2,0
909,29.500099182128906,1
910,27.8,0
911,28.0,0
912,19.5,1
913,27.8,0
914,19.5,1
915,27.8,0
916,27.8,0
917,32.900001525878906,1
918,18.8,1
919,27.8,0
920,26.600000381469727,1
921,29.899999618530273,1
922,23.5,1
923,23.799999237060547,1
924,21.6,0
925,26.0,0
926,26.2,0
927,27.8,0
928,26.0,0
929,19.850000381469727,1
930,32.650001525878906,1
931,18.899999618530273,1
932,27.6,0
933,28.0,0
934,27.399999618530273,1
935,26.2,0
936,28.0,0
937,20.2,1
938,29.500099182128906,1
939,28.0,0
940,20.8,0
941,17.6,1
942,27.6,0
943,32.900001525878906,1
944,26.649999618530273,1
945,28.0,0
946,18.100000381469727,1
947,19.5,1
948,28.0,0
949,23.500099182128906,1
950,29.5,1
951,26.2,0
952,18.899999618530273,1
953,30.350000381469727,1
954,26.0,0
955,25.209999084472656,1
956,27.8,0
957,20.8,0
958,26.2,0
959,32.900001525878906,1
960,18.899999618530273,1
961,31.399999618530273,1
962,23.5,1
963,22.0,1
964,26.0,0
965,28.0,0
966,26.0,0
967,28.0,0
968,32.650001525878906,1
969,27.399999618530273,1
970,26.2,0
971,28.0,0
972,27.8,0
973,30.350000381469727,1
974,27.8,0
975,28.0,0
976,34.20000076293945,1
977,19.200000762939453,1
978,27.6,0
979,26.0,0
980,29.899999618530273,1
981,31.649999618530273,1
982,20.2,0
983,28.450000762939453,1
984,27.6,0
985,30.350000381469727,1
986,26.649999618530273,1
987,28.0,0
988,27.8,0
989,26.2,0
990,16.8,1
991,25.2,0
992,26.0,0
993,20.75,1
994,26.2,0
995,26.0,0
996,20.2,0
997,29.899999618530273,1
998,26.600000381469727,1
999,27.4,1
1000,20.2,0
1001,28.0,0
1002,33.400001525878906,1
1003,32.900001525878906,1
1004,34.20000076293945,1
1005,26.600000381469727,1
1006,26.0,0
1007,27.8,0
1008,27.8,0
1009,33.5,1
1010,32.70000076293945,1
1011,26.0,0
1012,27.8,0
1013,27.5,1
1014,26.0,0
1015,34.20000076293945,1
1016,26.0,0
1017,27.4,0
1018,27.8,0
1019,26.0,0
1020,27.399999618530273,1
1021,27.6,0
1022,26.2,0
1023,27.8,0
1024,21.5,1
1025,23.500099182128906,1
1026,16.8,1
1027,21.5,1
1028,28.450000762939453,1
1029,27.6,0
1030,28.0,0
1031,21.6,0
1032,27.8,0
1033,30.350000381469727,1
1034,27.8,0
1035,31.649999618530273,1
1036,27.8,0
1037,32.900001525878906,1
1038,20.75,1
1039,26.0,0
1040,34.5,1
1041,25.2,0
1042,25.2,1
1043,20.2,1
1044,21.6,0
1045,28.0,0
1046,19.100000381469727,1
1047,26.2,0
1048,26.2,0
1049,18.899999618530273,1
1050,31.649999618530273,1
1051,19.5,1
1052,36.599998474121094,1
1053,23.799999237060547,1
1054,19.6,0
1055,27.8,0
1056,34.599998474121094,1
1057,18.100000381469727,1
1058,29.500099182128906,1
1059,29.5,1
1060,28.0,0
1061,27.6,0
1062,21.6,0
1063,23.6,1
1064,29.500099182128906,1
1065,28.0,0
1066,28.299999237060547,1
1067,33.400001525878906,1
1068,27.6,0
1069,19.100000381469727,1
1070,27.8,0
1071,26.2,0
1072,27.8,0
1073,28.0,0
1074,23.799999237060547,1
1075,29.5,1
1076,23.75,1
1077,27.8,0
1078,19.850000381469727,1
1079,27.8,0
1080,26.0,0
1081,22.75,1
1082,28.0,0
1083,20.8,1
1084,28.0,0
1085,28.0,0
1086,18.799999237060547,1
1087,27.6,0
1088,25.2,0
1089,27.8,0
1090,29.899999618530273,1
1091,28.0,0
1092,18.899999618530273,1
1093,21.6,0
1094,18.100000381469727,1
1095,36.599998474121094,1
1096,27.8,0
1097,33.400001525878906,1
1098,26.0,0
1099,28.0,0
1100,27.8,0
1101,26.0,0
1102,27.8,0
1103,20.75,1
1104,28.0,0
1105,27.6,0
1106,26.2,0
1107,27.8,0
1108,18.8,1
1109,26.0,0
1110,26.0,0
1111,27.8,0
1112,19.100000381469727,1
1113,32.900001525878906,1
1114,19.5,1
1115,26.2,0
1116,34.599998474121094,1
1117,28.0,0
1118,27.8,0
1119,30.350000381469727,1
1120,22.0,1
1121,27.8,0
1122,28.0,0
1123,23.799999237060547,1
1124,19.6,0
1125,26.2,0
1126,25.2,0
1127,18.799999237060547,1
1128,26.0,0
1129,26.0,0
1130,26.0,0
1131,27.6,0
1132,28.0,0
1133,32.900001525878906,1
1134,26.0,0
1135,21.6,0
1136,27.6,0
1137,27.8,0
1138,28.0,0
1139,20.2,1
1140,29.500099182128906,1
1141,22.75,1
1142,27.8,0
1143,19.850000381469727,1
1144,20.8,0
1145,22.75,1
1146,22.0,1
1147,20.75,1
1148,26.0,0
1149,26.2,0
1150,27.8,0
1151,20.8,1
1152,28.0,0
1153,28.0,0
1154,25.2,0
1155,36.599998474121094,1
1156,26.600000381469727,1
1157,19.850000381469727,1
1158,16.8,1
1159,31.399999618530273,1
1160,31.399999618530273,1
1161,28.299999237060547,1
1162,16.8,1
1163,28.0,0
1164,28.0,0
1165,32.650001525878906,1
1166,26.649999618530273,1
1167,26.0,0
1168,27.0,1
1169,32.900001525878906,1
1170,29.5,1
1171,26.2,0
1172,19.100000381469727,1
1173,33.5,1
1174,26.2,0
1175,27.8,0
1176,28.0,0
1177,26.0,0
1178,25.8,1
1179,26.0,0
1180,26.0,0
1181,27.8,0
1182,26.600000381469727,1
1183,22.0,1
1184,27.8,0
1185,31.649999618530273,1
1186,27.6,0
1187,34.5,1
1188,23.5,1
1189,31.399999618530273,1
1190,28.0,0
1191,30.350000381469727,1
1192,26.0,0
1193,34.20000076293945,1
1194,17.6,1
1195,25.8,0
1196,20.2,0
1197,27.8,0
1198,24.100000381469727,1
1199,29.899999618530273,1
1200,26.0,0
1201,27.8,0
1202,32.900001525878906,1
1203,28.0,0
1204,26.0,0
1205,27.8,0
1206,21.5,1
1207,26.2,0
1208,34.5,1
1209,31.649999618530273,1
1210,19.100000381469727,1
1211,27.8,0
1212,21.6,0
1213,27.8,0
1214,29.899999618530273,1
1215,27.399999618530273,1
1216,32.70000076293945,1
1217,27.0,1
1218,28.0,0
1219,27.6,0
1220,17.6,0
1221,27.8,0
1222,21.6,1
1223,26.0,0
1224,34.150001525878906,1
1225,28.0,0
1226,26.600000381469727,1
1227,27.8,0
1228,28.0,0
1229,28.0,0
1230,32.70000076293945,1
1231,34.79999923706055,1
1232,26.0,0
1233,27.8,0
1234,18.100000381469727,1
1235,28.0,1
1236,26.0,0
1237,27.399999618530273,1
1238,27.8,0
1239,28.0,0
1240,28.0,0
1241,32.70000076293945,1
1242,26.0,0
1243,21.6,0
1244,27.6,0
1245,31.399999618530273,1
1246,27.399999618530273,1
1247,31.399999618530273,1
1248,24.100000381469727,1
1249,21.5,1
1250,26.0,0
1251,20.100000381469727,1
1252,20.2,0
1253,31.649999618530273,1
1254,23.500099182128906,1
1255,34.150001525878906,1
1256,28.0,0
1257,25.2,0
1258,19.200000762939453,1
1259,26.0,0
1260,26.0,0
1261,33.400001525878906,1
1262,22.75,1
1263,32.54999923706055,1
1264,25.2,0
1265,26.2,0
1266,28.0,0
1267,23.75,1
1268,18.100000381469727,1
1269,27.399999618530273,1
1270,28.299999237060547,1
1271,32.900001525878906,1
1272,27.8,0
1273,27.8,0
1274,28.0,0
1275,27.8,0
1276,34.599998474121094,1
1277,23.5,1
1278,26.2,0
1279,25.209999084472656,1
1280,28.0,0
1281,28.0,0
1282,26.0,0
1283,19.5,1
1284,22.0,1
1285,26.2,0
1286,28.0,0
1287,28.299999237060547,1
1288,26.0,0
1289,34.20000076293945,1
1290,34.5,1
1291,23.5,1
1292,28.0,0
1293,31.649999618530273,1
1294,26.0,0
1295,27.8,0
1296,18.799999237060547,1
1297,32.900001525878906,1
1298,27.8,0
1299,23.75,1
1300,28.0,0
1301,28.0,0
1302,26.2,0
1303,29.899999618530273,1
1304,26.2,0
1305,28.0,0
1306,22.000999450683594,1
1307,27.8,0
1308,31.649999618530273,1
1309,34.150001525878906,1
1310,28.299999237060547,1
1311,31.649999618530273,1
1312,32.650001525878906,1
1313,29.5,1
1314,26.2,0
1315,26.2,0
1316,18.8,0
1317,26.2,0
1318,27.8,0
1319,32.54999923706055,1
1320,30.350000381469727,1
1321,28.0,0
1322,24.399999618530273,1
1323,34.79999923706055,1
1324,16.8,1
1325,27.6,0
1326,27.8,0
1327,34.599998474121094,1
1328,27.8,0
1329,28.0,0
1330,27.6,0
1331,26.2,0
1332,26.0,0
1333,28.0,0
1334,23.799999237060547,1
1335,26.0,0
1336,27.6,0
1337,28.0,0
1338,25.8,0
1339,26.0,0
1340,28.0,0
1341,27.8,0
1342,29.899999618530273,1
1343,27.8,0
1344,26.0,0
1345,28.0,0
1346,22.0,1
1347,30.350000381469727,1
1348,20.8,0
1349,25.2,0
1350,26.0,0
1351,33.5,1
1352,28.0,0
1353,20.75,1
1354,27.8,0
1355,28.0,1
1356,23.5,1
1357,28.0,0
1358,26.649999618530273,1
1359,26.2,0
1360,29.500099182128906,1
1361,33.5,1
1362,27.8,0
1363,26.0,0
1364,26.0,0
1365,27.399999618530273,1
1366,27.6,0
1367,31.399999618530273,1
1368,19.100000381469727,1
1369,27.6,0
1370,27.8,0
1371,28.0,0
1372,25.209999084472656,1
1373,26.0,0
1374,26.2,0
1375,31.649999618530273,1
1376,23.5,1
1377,19.200000762939453,1
1378,19.6,1
1379,25.2,0
1380,27.8,0
1381,20.100000381469727,1
1382,31.399999618530273,1
1383,29.500099182128906,1
1384,27.8,0
1385,23.799999237060547,1
1386,28.0,0
1387,22.75,1
1388,22.000999450683594,1
1389,21.5,1
1390,19.6,0
1391,28.299999237060547,1
1392,27.8,0
1393,27.8,0
1394,27.8,0
1395,26.600000381469727,1
1396,26.600000381469727,1
1397,18.8,0
1398,22.4,1
1399,27.6,0